{
 "cells": [
  {
   "cell_type": "code",
   "execution_count": 2,
   "id": "ec36e5e6",
   "metadata": {},
   "outputs": [
    {
     "name": "stdout",
     "output_type": "stream",
     "text": [
      "\n",
      "\u001b[1m[\u001b[0m\u001b[34;49mnotice\u001b[0m\u001b[1;39;49m]\u001b[0m\u001b[39;49m A new release of pip is available: \u001b[0m\u001b[31;49m25.1.1\u001b[0m\u001b[39;49m -> \u001b[0m\u001b[32;49m26.0.1\u001b[0m\n",
      "\u001b[1m[\u001b[0m\u001b[34;49mnotice\u001b[0m\u001b[1;39;49m]\u001b[0m\u001b[39;49m To update, run: \u001b[0m\u001b[32;49mpip install --upgrade pip\u001b[0m\n",
      "Note: you may need to restart the kernel to use updated packages.\n",
      "\n",
      "\u001b[1m[\u001b[0m\u001b[34;49mnotice\u001b[0m\u001b[1;39;49m]\u001b[0m\u001b[39;49m A new release of pip is available: \u001b[0m\u001b[31;49m25.1.1\u001b[0m\u001b[39;49m -> \u001b[0m\u001b[32;49m26.0.1\u001b[0m\n",
      "\u001b[1m[\u001b[0m\u001b[34;49mnotice\u001b[0m\u001b[1;39;49m]\u001b[0m\u001b[39;49m To update, run: \u001b[0m\u001b[32;49mpip install --upgrade pip\u001b[0m\n",
      "Note: you may need to restart the kernel to use updated packages.\n"
     ]
    }
   ],
   "source": [
    "%pip install pandas -q\n",
    "%pip install torch torchvision -q"
   ]
  },
  {
   "cell_type": "code",
   "execution_count": 25,
   "id": "253e2478",
   "metadata": {},
   "outputs": [],
   "source": [
    "import torch\n",
    "import torch.nn as nn\n",
    "import torchvision\n",
    "\n",
    "class CRNN(nn.Module):\n",
    "    def __init__(self, num_classes: int = 11, hidden_size: int = 128):\n",
    "        super().__init__()\n",
    "\n",
    "        # self.cnn = nn.Sequential(\n",
    "        #     nn.Conv2d(3, 32, kernel_size=3, padding=1),\n",
    "        #     nn.BatchNorm2d(32),\n",
    "        #     nn.ReLU(),\n",
    "        #     nn.MaxPool2d((2, 2)),\n",
    "\n",
    "        #     nn.Conv2d(32, 64, kernel_size=3, padding=1),\n",
    "        #     nn.BatchNorm2d(64),\n",
    "        #     nn.ReLU(),\n",
    "        #     nn.MaxPool2d((2, 2)),\n",
    "\n",
    "        #     nn.Conv2d(64, 128, kernel_size=3, padding=1),\n",
    "        #     nn.BatchNorm2d(128),\n",
    "        #     nn.ReLU(),\n",
    "        #     nn.MaxPool2d((2, 1)),\n",
    "\n",
    "        #     nn.Conv2d(128, 256, kernel_size=3, padding=1),\n",
    "        #     nn.BatchNorm2d(256),\n",
    "        #     nn.ReLU(),\n",
    "        #     nn.MaxPool2d((2, 1)),\n",
    "\n",
    "        #     nn.Conv2d(256, 256, kernel_size=3, padding=1),\n",
    "        #     nn.BatchNorm2d(256),\n",
    "        #     nn.ReLU(),\n",
    "        #     nn.MaxPool2d((8, 1)),\n",
    "        # )\n",
    "\n",
    "        self.backbone = torchvision.models.mobilenet_v3_small(weights=\"IMAGENET1K_V1\").features[:-4]\n",
    "\n",
    "        # for param in self.backbone.parameters():\n",
    "        #     param.requires_grad = False\n",
    "\n",
    "        # for name, child in self.backbone.named_children():\n",
    "        #     if isinstance(child, nn.Conv2d):\n",
    "        #         child.padding_mode = 'replicate'\n",
    "        \n",
    "        self.neck = nn.Sequential(\n",
    "            nn.Conv2d(48, 256, kernel_size=3, padding=1),\n",
    "            nn.BatchNorm2d(256),\n",
    "            nn.ReLU(),\n",
    "            nn.AdaptiveAvgPool2d((1, None)),\n",
    "        )\n",
    "\n",
    "        self.dropout = nn.Dropout(0.3)\n",
    "\n",
    "        self.lstm = nn.LSTM(\n",
    "            input_size=256,\n",
    "            hidden_size=hidden_size,\n",
    "            num_layers=2,\n",
    "            bidirectional=True,\n",
    "            batch_first=False,\n",
    "            dropout=0.3\n",
    "        )\n",
    "\n",
    "        self.linear = nn.Linear(hidden_size * 2, num_classes)\n",
    "\n",
    "\n",
    "    def forward(self, x):\n",
    "        # x = self.cnn(x)\n",
    "        x = self.backbone(x)\n",
    "        x = self.neck(x)\n",
    "        x = x.squeeze(2)\n",
    "        x = x.permute(2, 0, 1)\n",
    "        x = self.dropout(x)\n",
    "        x, _ = self.lstm(x)\n",
    "        x = self.linear(x)\n",
    "        return x"
   ]
  },
  {
   "cell_type": "code",
   "execution_count": null,
   "id": "9db29348",
   "metadata": {},
   "outputs": [],
   "source": [
    "import pandas as pd\n",
    "from torch.utils.data import Dataset\n",
    "from pathlib import Path\n",
    "from PIL import Image\n",
    "import torchvision.transforms.functional as F\n",
    "import torch.nn.functional as nnF\n",
    "\n",
    "class DigitDataset(Dataset):\n",
    "    def __init__(self, csv_path: Path, target_height: int = 128, skip_empty: bool = False, transform=None) -> None:\n",
    "        self.csv_dir = Path(csv_path).parent\n",
    "        self.data = pd.read_csv(csv_path, header=None, names=[\"image\", \"label\"], dtype={\"label\": str})\n",
    "        if skip_empty:\n",
    "            self.data = self.data[self.data[\"label\"].notna() & (self.data[\"label\"].str.strip() != \"\")]\n",
    "        self.target_height = target_height\n",
    "        self.transform = transform\n",
    "\n",
    "\n",
    "    def __len__(self):\n",
    "        return len(self.data)\n",
    "    \n",
    "\n",
    "    def __getitem__(self, idx):\n",
    "        row = self.data.iloc[idx]\n",
    "\n",
    "        image = Image.open(self.csv_dir / row[\"image\"]).convert(\"RGB\")\n",
    "\n",
    "        w, h = image.size\n",
    "        new_w = int(w * self.target_height / h)\n",
    "        image = image.resize((new_w, self.target_height))\n",
    "\n",
    "        if self.transform is not None:\n",
    "            image = self.transform(image)\n",
    "        else:\n",
    "            image = F.to_tensor(image)\n",
    "            image = F.normalize(image, mean=[0.485, 0.456, 0.406], std=[0.229, 0.224, 0.225])\n",
    "\n",
    "        label = [int(c) for c in row[\"label\"]] if pd.notna(row[\"label\"]) and str(row[\"label\"]) != \"\" else []\n",
    "\n",
    "        return image, label, new_w\n",
    "    \n",
    "\n",
    "def collate_fn(batch):\n",
    "    images, labels, widths = zip(*batch)\n",
    "\n",
    "    max_width = max(img.shape[2] for img in images)\n",
    "    padded = [nnF.pad(img, (0, max_width - img.shape[2])) for img in images]\n",
    "\n",
    "    return torch.stack(padded), list(labels), list(widths)"
   ]
  },
  {
   "cell_type": "code",
   "execution_count": 27,
   "id": "0ef6109d",
   "metadata": {},
   "outputs": [],
   "source": [
    "import torch\n",
    "import torch.nn as nn\n",
    "from torch.utils.data import DataLoader\n",
    "from pathlib import Path\n",
    "\n",
    "ctc_loss = nn.CTCLoss(blank=10, reduction='mean', zero_infinity=True)\n",
    "\n",
    "def train(model: CRNN, train_dataset: DigitDataset, val_dataset: DigitDataset, epochs: int = 50, lr: float = 1e-3, batch_size: int = 16):\n",
    "    train_loader = DataLoader(train_dataset, batch_size=batch_size, shuffle=True, collate_fn=collate_fn)\n",
    "    val_loader = DataLoader(val_dataset, batch_size=batch_size, shuffle=False, collate_fn=collate_fn)\n",
    "\n",
    "    # Use different learning rates for backbone and neck/head\n",
    "    optimizer = torch.optim.Adam([\n",
    "        {\"params\": model.backbone.parameters(), \"lr\": lr},\n",
    "        {\"params\": model.neck.parameters(), \"lr\": lr},\n",
    "        {\"params\": model.lstm.parameters(), \"lr\": lr},\n",
    "        {\"params\": model.linear.parameters(), \"lr\": lr}\n",
    "    ])\n",
    "    # optimizer = torch.optim.Adam(model.parameters(), lr=lr)\n",
    "    scheduler = torch.optim.lr_scheduler.ReduceLROnPlateau(optimizer, patience=5, factor=0.5)\n",
    "\n",
    "    device = torch.device(\"cuda\" if torch.cuda.is_available() else \"cpu\")\n",
    "    model = model.to(device)\n",
    "\n",
    "    for epoch in range(epochs):\n",
    "        model.train()\n",
    "        train_loss = 0\n",
    "        for images, labels, widths in train_loader:\n",
    "            images = images.to(device)\n",
    "\n",
    "            optimizer.zero_grad()\n",
    "\n",
    "            logits = model(images)\n",
    "            log_probs = torch.log_softmax(logits, dim=2)\n",
    "\n",
    "            T = logits.shape[0]\n",
    "            input_lengths = torch.clamp(torch.tensor([(w // 16) + 1 for w in widths], dtype=torch.long), max=T)\n",
    "\n",
    "            target_lengths = torch.tensor([len(l) for l in labels], dtype=torch.long)\n",
    "            targets = torch.tensor([d for l in labels for d in l], dtype=torch.long)\n",
    "\n",
    "            loss = ctc_loss(log_probs, targets, input_lengths, target_lengths)\n",
    "            loss.backward()\n",
    "\n",
    "            torch.nn.utils.clip_grad_norm_(model.parameters(), 5)\n",
    "            optimizer.step()\n",
    "            train_loss += loss.item()\n",
    "    \n",
    "        model.eval()\n",
    "        val_loss = 0\n",
    "        with torch.no_grad():\n",
    "            for images, labels, widths in val_loader:\n",
    "                images = images.to(device)\n",
    "                logits = model(images)\n",
    "                log_probs = torch.log_softmax(logits, dim=2)\n",
    "                T = logits.shape[0]\n",
    "                input_lengths = torch.clamp(torch.tensor([(w // 16) + 1 for w in widths], dtype=torch.long), max=T)\n",
    "                target_lengths = torch.tensor([len(l) for l in labels], dtype=torch.long)\n",
    "                targets = torch.tensor([d for l in labels for d in l], dtype=torch.long)\n",
    "                val_loss += ctc_loss(log_probs, targets, input_lengths, target_lengths).item()\n",
    "            logits = model(images[0].unsqueeze(0).to(device))\n",
    "            torch.set_printoptions(sci_mode=False)\n",
    "            probs = torch.softmax(logits[:, 0, :], dim=1)\n",
    "            print(probs)\n",
    "            blank_prob = probs[:, 10].mean().item()\n",
    "            print(f\"blank prob: {blank_prob:.3f}\")\n",
    "        \n",
    "        train_loss /= len(train_loader)\n",
    "        val_loss /= len(val_loader)\n",
    "        scheduler.step(val_loss)\n",
    "\n",
    "        print(f\"Epoch {epoch+1}/{epochs} | train loss: {train_loss:.4f} | val loss: {val_loss:.4f}\")\n",
    "    \n",
    "    return model"
   ]
  },
  {
   "cell_type": "code",
   "execution_count": 28,
   "id": "038d3598",
   "metadata": {},
   "outputs": [
    {
     "name": "stdout",
     "output_type": "stream",
     "text": [
      "torch.Size([8, 1, 11])\n",
      "tensor([[0.0283, 0.1605, 0.0225, 0.0417, 0.0732, 0.0201, 0.0645, 0.0147, 0.0244,\n",
      "         0.0325, 0.5177],\n",
      "        [0.0184, 0.1468, 0.0141, 0.0320, 0.0663, 0.0114, 0.0568, 0.0084, 0.0164,\n",
      "         0.0214, 0.6080],\n",
      "        [0.0149, 0.1404, 0.0114, 0.0285, 0.0638, 0.0089, 0.0543, 0.0064, 0.0136,\n",
      "         0.0176, 0.6402],\n",
      "        [0.0137, 0.1378, 0.0105, 0.0273, 0.0632, 0.0080, 0.0536, 0.0058, 0.0126,\n",
      "         0.0162, 0.6514],\n",
      "        [0.0132, 0.1364, 0.0101, 0.0268, 0.0629, 0.0077, 0.0536, 0.0055, 0.0122,\n",
      "         0.0156, 0.6561],\n",
      "        [0.0130, 0.1354, 0.0100, 0.0267, 0.0626, 0.0075, 0.0537, 0.0054, 0.0121,\n",
      "         0.0155, 0.6581],\n",
      "        [0.0128, 0.1347, 0.0100, 0.0267, 0.0630, 0.0075, 0.0539, 0.0054, 0.0121,\n",
      "         0.0155, 0.6584],\n",
      "        [0.0129, 0.1336, 0.0100, 0.0269, 0.0631, 0.0076, 0.0544, 0.0054, 0.0123,\n",
      "         0.0156, 0.6583],\n",
      "        [0.0132, 0.1319, 0.0104, 0.0276, 0.0638, 0.0079, 0.0558, 0.0057, 0.0130,\n",
      "         0.0161, 0.6546],\n",
      "        [0.0143, 0.1288, 0.0114, 0.0296, 0.0658, 0.0089, 0.0594, 0.0066, 0.0146,\n",
      "         0.0176, 0.6430],\n",
      "        [0.0162, 0.1259, 0.0134, 0.0328, 0.0695, 0.0107, 0.0652, 0.0079, 0.0173,\n",
      "         0.0200, 0.6212],\n",
      "        [0.0209, 0.1241, 0.0179, 0.0406, 0.0788, 0.0144, 0.0764, 0.0115, 0.0233,\n",
      "         0.0251, 0.5671],\n",
      "        [0.0320, 0.1240, 0.0283, 0.0572, 0.0956, 0.0232, 0.0971, 0.0212, 0.0370,\n",
      "         0.0370, 0.4474]], device='cuda:0')\n",
      "blank prob: 0.614\n",
      "Epoch 1/50 | train loss: 3.6490 | val loss: 3.4717\n",
      "tensor([[0.0230, 0.1067, 0.0186, 0.0354, 0.0568, 0.0159, 0.0430, 0.0086, 0.0218,\n",
      "         0.0357, 0.6344],\n",
      "        [0.0136, 0.0749, 0.0106, 0.0252, 0.0473, 0.0086, 0.0317, 0.0044, 0.0139,\n",
      "         0.0224, 0.7474],\n",
      "        [0.0106, 0.0621, 0.0082, 0.0217, 0.0441, 0.0065, 0.0277, 0.0033, 0.0114,\n",
      "         0.0180, 0.7866],\n",
      "        [0.0095, 0.0571, 0.0074, 0.0204, 0.0431, 0.0058, 0.0262, 0.0029, 0.0105,\n",
      "         0.0164, 0.8007],\n",
      "        [0.0090, 0.0546, 0.0070, 0.0197, 0.0427, 0.0055, 0.0254, 0.0027, 0.0101,\n",
      "         0.0157, 0.8076],\n",
      "        [0.0087, 0.0532, 0.0069, 0.0193, 0.0424, 0.0054, 0.0251, 0.0026, 0.0099,\n",
      "         0.0153, 0.8113],\n",
      "        [0.0085, 0.0524, 0.0068, 0.0192, 0.0426, 0.0053, 0.0249, 0.0026, 0.0098,\n",
      "         0.0151, 0.8128],\n",
      "        [0.0085, 0.0520, 0.0068, 0.0194, 0.0427, 0.0053, 0.0253, 0.0026, 0.0099,\n",
      "         0.0151, 0.8124],\n",
      "        [0.0090, 0.0531, 0.0072, 0.0205, 0.0432, 0.0057, 0.0271, 0.0029, 0.0106,\n",
      "         0.0158, 0.8048],\n",
      "        [0.0101, 0.0565, 0.0082, 0.0232, 0.0448, 0.0068, 0.0315, 0.0035, 0.0124,\n",
      "         0.0176, 0.7854],\n",
      "        [0.0118, 0.0603, 0.0099, 0.0269, 0.0483, 0.0084, 0.0376, 0.0045, 0.0152,\n",
      "         0.0200, 0.7572],\n",
      "        [0.0159, 0.0663, 0.0135, 0.0347, 0.0573, 0.0117, 0.0487, 0.0071, 0.0211,\n",
      "         0.0249, 0.6988],\n",
      "        [0.0271, 0.0773, 0.0231, 0.0538, 0.0777, 0.0206, 0.0718, 0.0153, 0.0365,\n",
      "         0.0374, 0.5594]], device='cuda:0')\n",
      "blank prob: 0.755\n",
      "Epoch 2/50 | train loss: 2.6028 | val loss: 3.1932\n",
      "tensor([[0.0340, 0.1431, 0.0297, 0.0477, 0.0587, 0.0238, 0.0669, 0.0147, 0.0334,\n",
      "         0.0476, 0.5003],\n",
      "        [0.0254, 0.1228, 0.0207, 0.0403, 0.0503, 0.0164, 0.0595, 0.0099, 0.0268,\n",
      "         0.0347, 0.5932],\n",
      "        [0.0203, 0.1065, 0.0160, 0.0359, 0.0457, 0.0126, 0.0549, 0.0077, 0.0229,\n",
      "         0.0274, 0.6501],\n",
      "        [0.0174, 0.0956, 0.0134, 0.0332, 0.0431, 0.0107, 0.0520, 0.0065, 0.0206,\n",
      "         0.0232, 0.6842],\n",
      "        [0.0156, 0.0882, 0.0120, 0.0317, 0.0419, 0.0096, 0.0502, 0.0059, 0.0192,\n",
      "         0.0207, 0.7052],\n",
      "        [0.0146, 0.0832, 0.0112, 0.0309, 0.0414, 0.0090, 0.0497, 0.0056, 0.0186,\n",
      "         0.0193, 0.7166],\n",
      "        [0.0140, 0.0799, 0.0108, 0.0307, 0.0415, 0.0088, 0.0499, 0.0055, 0.0184,\n",
      "         0.0185, 0.7220],\n",
      "        [0.0137, 0.0773, 0.0107, 0.0309, 0.0421, 0.0088, 0.0509, 0.0056, 0.0186,\n",
      "         0.0181, 0.7234],\n",
      "        [0.0142, 0.0763, 0.0111, 0.0324, 0.0434, 0.0094, 0.0541, 0.0061, 0.0199,\n",
      "         0.0185, 0.7147],\n",
      "        [0.0156, 0.0773, 0.0124, 0.0356, 0.0456, 0.0108, 0.0604, 0.0072, 0.0226,\n",
      "         0.0199, 0.6925],\n",
      "        [0.0186, 0.0804, 0.0150, 0.0413, 0.0503, 0.0135, 0.0697, 0.0096, 0.0277,\n",
      "         0.0229, 0.6511],\n",
      "        [0.0244, 0.0849, 0.0198, 0.0512, 0.0592, 0.0183, 0.0836, 0.0144, 0.0367,\n",
      "         0.0281, 0.5793],\n",
      "        [0.0359, 0.0900, 0.0292, 0.0693, 0.0746, 0.0283, 0.1034, 0.0257, 0.0536,\n",
      "         0.0381, 0.4518]], device='cuda:0')\n",
      "blank prob: 0.645\n",
      "Epoch 3/50 | train loss: 2.5462 | val loss: 3.1587\n",
      "tensor([[0.0355, 0.1435, 0.0352, 0.0493, 0.0484, 0.0250, 0.0733, 0.0140, 0.0278,\n",
      "         0.0568, 0.4912],\n",
      "        [0.0270, 0.1189, 0.0251, 0.0425, 0.0403, 0.0178, 0.0669, 0.0096, 0.0220,\n",
      "         0.0418, 0.5880],\n",
      "        [0.0215, 0.0985, 0.0193, 0.0390, 0.0365, 0.0141, 0.0632, 0.0077, 0.0188,\n",
      "         0.0326, 0.6488],\n",
      "        [0.0183, 0.0857, 0.0163, 0.0375, 0.0347, 0.0123, 0.0617, 0.0068, 0.0173,\n",
      "         0.0274, 0.6821],\n",
      "        [0.0163, 0.0772, 0.0145, 0.0368, 0.0340, 0.0114, 0.0611, 0.0065, 0.0165,\n",
      "         0.0243, 0.7014],\n",
      "        [0.0152, 0.0717, 0.0137, 0.0370, 0.0338, 0.0111, 0.0625, 0.0065, 0.0165,\n",
      "         0.0227, 0.7094],\n",
      "        [0.0149, 0.0689, 0.0136, 0.0382, 0.0338, 0.0115, 0.0658, 0.0069, 0.0172,\n",
      "         0.0224, 0.7068],\n",
      "        [0.0151, 0.0674, 0.0139, 0.0397, 0.0344, 0.0122, 0.0699, 0.0075, 0.0184,\n",
      "         0.0225, 0.6992],\n",
      "        [0.0159, 0.0672, 0.0148, 0.0423, 0.0354, 0.0135, 0.0759, 0.0085, 0.0205,\n",
      "         0.0235, 0.6825],\n",
      "        [0.0175, 0.0684, 0.0164, 0.0461, 0.0372, 0.0155, 0.0844, 0.0102, 0.0237,\n",
      "         0.0252, 0.6554],\n",
      "        [0.0205, 0.0712, 0.0191, 0.0520, 0.0411, 0.0188, 0.0947, 0.0133, 0.0289,\n",
      "         0.0281, 0.6123],\n",
      "        [0.0261, 0.0749, 0.0239, 0.0621, 0.0484, 0.0244, 0.1086, 0.0191, 0.0380,\n",
      "         0.0329, 0.5416],\n",
      "        [0.0368, 0.0788, 0.0328, 0.0795, 0.0619, 0.0350, 0.1256, 0.0315, 0.0545,\n",
      "         0.0412, 0.4224]], device='cuda:0')\n",
      "blank prob: 0.626\n",
      "Epoch 4/50 | train loss: 2.4816 | val loss: 3.1570\n",
      "tensor([[0.0318, 0.1868, 0.0290, 0.0321, 0.0341, 0.0154, 0.0507, 0.0079, 0.0183,\n",
      "         0.0551, 0.5388],\n",
      "        [0.0219, 0.1445, 0.0185, 0.0254, 0.0294, 0.0102, 0.0414, 0.0049, 0.0133,\n",
      "         0.0362, 0.6544],\n",
      "        [0.0152, 0.1085, 0.0129, 0.0228, 0.0302, 0.0077, 0.0360, 0.0038, 0.0109,\n",
      "         0.0245, 0.7275],\n",
      "        [0.0113, 0.0874, 0.0100, 0.0215, 0.0326, 0.0064, 0.0329, 0.0033, 0.0099,\n",
      "         0.0180, 0.7668],\n",
      "        [0.0089, 0.0752, 0.0082, 0.0206, 0.0360, 0.0056, 0.0306, 0.0031, 0.0094,\n",
      "         0.0143, 0.7881],\n",
      "        [0.0078, 0.0663, 0.0075, 0.0210, 0.0356, 0.0055, 0.0314, 0.0031, 0.0094,\n",
      "         0.0128, 0.7995],\n",
      "        [0.0073, 0.0608, 0.0074, 0.0220, 0.0354, 0.0058, 0.0337, 0.0033, 0.0098,\n",
      "         0.0124, 0.8022],\n",
      "        [0.0075, 0.0570, 0.0080, 0.0248, 0.0319, 0.0069, 0.0400, 0.0040, 0.0109,\n",
      "         0.0134, 0.7955],\n",
      "        [0.0091, 0.0557, 0.0101, 0.0307, 0.0272, 0.0096, 0.0548, 0.0058, 0.0141,\n",
      "         0.0167, 0.7663],\n",
      "        [0.0123, 0.0579, 0.0143, 0.0399, 0.0234, 0.0148, 0.0810, 0.0095, 0.0200,\n",
      "         0.0229, 0.7041],\n",
      "        [0.0155, 0.0604, 0.0181, 0.0474, 0.0242, 0.0198, 0.1009, 0.0135, 0.0262,\n",
      "         0.0276, 0.6464],\n",
      "        [0.0201, 0.0632, 0.0228, 0.0573, 0.0284, 0.0261, 0.1192, 0.0197, 0.0347,\n",
      "         0.0326, 0.5759],\n",
      "        [0.0294, 0.0666, 0.0314, 0.0753, 0.0387, 0.0379, 0.1400, 0.0326, 0.0508,\n",
      "         0.0401, 0.4572]], device='cuda:0')\n",
      "blank prob: 0.694\n",
      "Epoch 5/50 | train loss: 2.4245 | val loss: 3.2603\n",
      "tensor([[0.0290, 0.1561, 0.0233, 0.0313, 0.0206, 0.0111, 0.0474, 0.0049, 0.0121,\n",
      "         0.0440, 0.6202],\n",
      "        [0.0160, 0.0843, 0.0120, 0.0256, 0.0176, 0.0066, 0.0344, 0.0028, 0.0078,\n",
      "         0.0219, 0.7710],\n",
      "        [0.0081, 0.0481, 0.0068, 0.0236, 0.0192, 0.0045, 0.0269, 0.0021, 0.0061,\n",
      "         0.0112, 0.8434],\n",
      "        [0.0052, 0.0365, 0.0047, 0.0225, 0.0210, 0.0035, 0.0236, 0.0018, 0.0057,\n",
      "         0.0074, 0.8680],\n",
      "        [0.0040, 0.0323, 0.0037, 0.0216, 0.0227, 0.0030, 0.0218, 0.0017, 0.0057,\n",
      "         0.0057, 0.8776],\n",
      "        [0.0036, 0.0299, 0.0037, 0.0227, 0.0207, 0.0031, 0.0233, 0.0019, 0.0059,\n",
      "         0.0056, 0.8797],\n",
      "        [0.0038, 0.0287, 0.0042, 0.0255, 0.0181, 0.0037, 0.0273, 0.0023, 0.0064,\n",
      "         0.0064, 0.8737],\n",
      "        [0.0041, 0.0274, 0.0049, 0.0287, 0.0155, 0.0045, 0.0332, 0.0028, 0.0073,\n",
      "         0.0075, 0.8641],\n",
      "        [0.0046, 0.0272, 0.0062, 0.0343, 0.0142, 0.0061, 0.0439, 0.0041, 0.0092,\n",
      "         0.0094, 0.8407],\n",
      "        [0.0062, 0.0300, 0.0093, 0.0463, 0.0138, 0.0099, 0.0690, 0.0072, 0.0139,\n",
      "         0.0137, 0.7806],\n",
      "        [0.0085, 0.0345, 0.0130, 0.0591, 0.0159, 0.0149, 0.0969, 0.0120, 0.0208,\n",
      "         0.0185, 0.7060],\n",
      "        [0.0114, 0.0386, 0.0168, 0.0712, 0.0203, 0.0203, 0.1182, 0.0182, 0.0288,\n",
      "         0.0223, 0.6338],\n",
      "        [0.0177, 0.0436, 0.0239, 0.0918, 0.0300, 0.0304, 0.1427, 0.0309, 0.0440,\n",
      "         0.0281, 0.5169]], device='cuda:0')\n",
      "blank prob: 0.775\n",
      "Epoch 6/50 | train loss: 2.3297 | val loss: 3.2396\n",
      "tensor([[0.0117, 0.0615, 0.0143, 0.0249, 0.0213, 0.0089, 0.0407, 0.0033, 0.0112,\n",
      "         0.0279, 0.7746],\n",
      "        [0.0038, 0.0214, 0.0055, 0.0211, 0.0177, 0.0051, 0.0289, 0.0020, 0.0078,\n",
      "         0.0102, 0.8765],\n",
      "        [0.0022, 0.0150, 0.0038, 0.0198, 0.0173, 0.0040, 0.0257, 0.0017, 0.0073,\n",
      "         0.0065, 0.8967],\n",
      "        [0.0017, 0.0135, 0.0032, 0.0191, 0.0174, 0.0036, 0.0246, 0.0017, 0.0073,\n",
      "         0.0054, 0.9026],\n",
      "        [0.0015, 0.0131, 0.0030, 0.0189, 0.0174, 0.0034, 0.0243, 0.0016, 0.0074,\n",
      "         0.0049, 0.9046],\n",
      "        [0.0015, 0.0129, 0.0031, 0.0195, 0.0165, 0.0035, 0.0255, 0.0017, 0.0075,\n",
      "         0.0050, 0.9031],\n",
      "        [0.0016, 0.0128, 0.0033, 0.0206, 0.0157, 0.0037, 0.0275, 0.0019, 0.0077,\n",
      "         0.0053, 0.9000],\n",
      "        [0.0017, 0.0131, 0.0036, 0.0222, 0.0145, 0.0040, 0.0306, 0.0021, 0.0081,\n",
      "         0.0058, 0.8943],\n",
      "        [0.0019, 0.0140, 0.0040, 0.0247, 0.0140, 0.0045, 0.0348, 0.0025, 0.0089,\n",
      "         0.0066, 0.8842],\n",
      "        [0.0024, 0.0180, 0.0054, 0.0314, 0.0142, 0.0060, 0.0464, 0.0036, 0.0111,\n",
      "         0.0083, 0.8532],\n",
      "        [0.0037, 0.0268, 0.0079, 0.0431, 0.0166, 0.0091, 0.0701, 0.0062, 0.0163,\n",
      "         0.0115, 0.7887],\n",
      "        [0.0059, 0.0346, 0.0117, 0.0587, 0.0202, 0.0145, 0.1055, 0.0119, 0.0253,\n",
      "         0.0162, 0.6955],\n",
      "        [0.0107, 0.0393, 0.0188, 0.0848, 0.0277, 0.0256, 0.1538, 0.0261, 0.0429,\n",
      "         0.0243, 0.5459]], device='cuda:0')\n",
      "blank prob: 0.832\n",
      "Epoch 7/50 | train loss: 2.1941 | val loss: 3.5360\n",
      "tensor([[0.0131, 0.0505, 0.0313, 0.0370, 0.0178, 0.0164, 0.0627, 0.0072, 0.0120,\n",
      "         0.0640, 0.6881],\n",
      "        [0.0049, 0.0149, 0.0158, 0.0349, 0.0174, 0.0123, 0.0484, 0.0057, 0.0090,\n",
      "         0.0323, 0.8044],\n",
      "        [0.0025, 0.0094, 0.0087, 0.0315, 0.0218, 0.0089, 0.0366, 0.0047, 0.0089,\n",
      "         0.0177, 0.8493],\n",
      "        [0.0017, 0.0081, 0.0055, 0.0310, 0.0260, 0.0068, 0.0312, 0.0041, 0.0098,\n",
      "         0.0114, 0.8646],\n",
      "        [0.0013, 0.0077, 0.0038, 0.0307, 0.0302, 0.0053, 0.0280, 0.0036, 0.0106,\n",
      "         0.0081, 0.8708],\n",
      "        [0.0011, 0.0077, 0.0034, 0.0329, 0.0308, 0.0050, 0.0289, 0.0038, 0.0115,\n",
      "         0.0074, 0.8675],\n",
      "        [0.0011, 0.0079, 0.0034, 0.0364, 0.0306, 0.0052, 0.0316, 0.0043, 0.0125,\n",
      "         0.0075, 0.8596],\n",
      "        [0.0013, 0.0083, 0.0042, 0.0460, 0.0278, 0.0064, 0.0408, 0.0060, 0.0142,\n",
      "         0.0092, 0.8358],\n",
      "        [0.0017, 0.0099, 0.0059, 0.0665, 0.0255, 0.0092, 0.0619, 0.0101, 0.0180,\n",
      "         0.0125, 0.7789],\n",
      "        [0.0028, 0.0159, 0.0104, 0.1097, 0.0218, 0.0159, 0.1239, 0.0219, 0.0260,\n",
      "         0.0197, 0.6319],\n",
      "        [0.0049, 0.0250, 0.0164, 0.1360, 0.0177, 0.0243, 0.2127, 0.0378, 0.0318,\n",
      "         0.0285, 0.4648],\n",
      "        [0.0067, 0.0279, 0.0195, 0.1359, 0.0176, 0.0292, 0.2491, 0.0473, 0.0356,\n",
      "         0.0323, 0.3990],\n",
      "        [0.0099, 0.0301, 0.0237, 0.1399, 0.0232, 0.0370, 0.2536, 0.0613, 0.0459,\n",
      "         0.0345, 0.3409]], device='cuda:0')\n",
      "blank prob: 0.712\n",
      "Epoch 8/50 | train loss: 2.0665 | val loss: 3.4475\n",
      "tensor([[0.0234, 0.0444, 0.0526, 0.0370, 0.0108, 0.0207, 0.0766, 0.0065, 0.0117,\n",
      "         0.0776, 0.6388],\n",
      "        [0.0113, 0.0129, 0.0331, 0.0365, 0.0098, 0.0202, 0.0640, 0.0058, 0.0087,\n",
      "         0.0432, 0.7544],\n",
      "        [0.0059, 0.0068, 0.0179, 0.0344, 0.0139, 0.0177, 0.0478, 0.0054, 0.0093,\n",
      "         0.0251, 0.8157],\n",
      "        [0.0036, 0.0051, 0.0107, 0.0324, 0.0199, 0.0150, 0.0364, 0.0047, 0.0108,\n",
      "         0.0160, 0.8453],\n",
      "        [0.0025, 0.0047, 0.0071, 0.0301, 0.0266, 0.0122, 0.0289, 0.0039, 0.0122,\n",
      "         0.0109, 0.8610],\n",
      "        [0.0021, 0.0048, 0.0061, 0.0323, 0.0293, 0.0114, 0.0286, 0.0040, 0.0136,\n",
      "         0.0095, 0.8585],\n",
      "        [0.0020, 0.0053, 0.0061, 0.0400, 0.0289, 0.0123, 0.0342, 0.0050, 0.0156,\n",
      "         0.0099, 0.8407],\n",
      "        [0.0026, 0.0068, 0.0083, 0.0608, 0.0246, 0.0171, 0.0548, 0.0088, 0.0198,\n",
      "         0.0135, 0.7829],\n",
      "        [0.0037, 0.0113, 0.0117, 0.0984, 0.0225, 0.0248, 0.1030, 0.0176, 0.0287,\n",
      "         0.0184, 0.6598],\n",
      "        [0.0054, 0.0213, 0.0148, 0.1299, 0.0199, 0.0302, 0.1866, 0.0296, 0.0375,\n",
      "         0.0219, 0.5029],\n",
      "        [0.0066, 0.0293, 0.0157, 0.1313, 0.0184, 0.0318, 0.2447, 0.0360, 0.0408,\n",
      "         0.0225, 0.4227],\n",
      "        [0.0080, 0.0319, 0.0165, 0.1276, 0.0193, 0.0347, 0.2684, 0.0421, 0.0455,\n",
      "         0.0232, 0.3827],\n",
      "        [0.0111, 0.0334, 0.0192, 0.1303, 0.0253, 0.0426, 0.2690, 0.0555, 0.0583,\n",
      "         0.0248, 0.3304]], device='cuda:0')\n",
      "blank prob: 0.669\n",
      "Epoch 9/50 | train loss: 1.9502 | val loss: 3.5944\n",
      "tensor([[0.0237, 0.0750, 0.0607, 0.0271, 0.0041, 0.0144, 0.1014, 0.0048, 0.0087,\n",
      "         0.1450, 0.5351],\n",
      "        [0.0212, 0.0236, 0.0632, 0.0271, 0.0027, 0.0156, 0.1072, 0.0041, 0.0054,\n",
      "         0.1157, 0.6142],\n",
      "        [0.0133, 0.0102, 0.0456, 0.0279, 0.0033, 0.0159, 0.0923, 0.0041, 0.0048,\n",
      "         0.0797, 0.7029],\n",
      "        [0.0076, 0.0056, 0.0266, 0.0272, 0.0054, 0.0149, 0.0707, 0.0040, 0.0051,\n",
      "         0.0510, 0.7819],\n",
      "        [0.0037, 0.0032, 0.0119, 0.0244, 0.0124, 0.0119, 0.0419, 0.0032, 0.0063,\n",
      "         0.0264, 0.8547],\n",
      "        [0.0022, 0.0026, 0.0067, 0.0225, 0.0236, 0.0095, 0.0277, 0.0025, 0.0077,\n",
      "         0.0158, 0.8793],\n",
      "        [0.0017, 0.0027, 0.0052, 0.0228, 0.0351, 0.0084, 0.0222, 0.0022, 0.0092,\n",
      "         0.0118, 0.8788],\n",
      "        [0.0020, 0.0034, 0.0067, 0.0328, 0.0310, 0.0106, 0.0295, 0.0033, 0.0112,\n",
      "         0.0152, 0.8542],\n",
      "        [0.0025, 0.0054, 0.0082, 0.0514, 0.0308, 0.0141, 0.0409, 0.0055, 0.0163,\n",
      "         0.0177, 0.8072],\n",
      "        [0.0033, 0.0116, 0.0098, 0.0818, 0.0315, 0.0187, 0.0642, 0.0097, 0.0265,\n",
      "         0.0195, 0.7234],\n",
      "        [0.0042, 0.0186, 0.0111, 0.1005, 0.0281, 0.0223, 0.1006, 0.0152, 0.0351,\n",
      "         0.0217, 0.6427],\n",
      "        [0.0053, 0.0213, 0.0120, 0.1071, 0.0304, 0.0269, 0.1322, 0.0227, 0.0462,\n",
      "         0.0230, 0.5728],\n",
      "        [0.0085, 0.0237, 0.0156, 0.1161, 0.0370, 0.0388, 0.1691, 0.0411, 0.0682,\n",
      "         0.0268, 0.4550]], device='cuda:0')\n",
      "blank prob: 0.716\n",
      "Epoch 10/50 | train loss: 1.7865 | val loss: 3.5011\n",
      "tensor([[0.0262, 0.0693, 0.0496, 0.0277, 0.0042, 0.0126, 0.1035, 0.0041, 0.0080,\n",
      "         0.1080, 0.5868],\n",
      "        [0.0229, 0.0202, 0.0474, 0.0265, 0.0028, 0.0131, 0.0965, 0.0033, 0.0045,\n",
      "         0.0715, 0.6912],\n",
      "        [0.0106, 0.0067, 0.0242, 0.0246, 0.0046, 0.0119, 0.0626, 0.0028, 0.0038,\n",
      "         0.0351, 0.8131],\n",
      "        [0.0039, 0.0030, 0.0084, 0.0194, 0.0126, 0.0088, 0.0308, 0.0020, 0.0045,\n",
      "         0.0145, 0.8923],\n",
      "        [0.0013, 0.0022, 0.0025, 0.0121, 0.0461, 0.0046, 0.0112, 0.0009, 0.0058,\n",
      "         0.0047, 0.9086],\n",
      "        [0.0008, 0.0023, 0.0013, 0.0098, 0.0856, 0.0027, 0.0066, 0.0005, 0.0067,\n",
      "         0.0027, 0.8810],\n",
      "        [0.0006, 0.0025, 0.0008, 0.0106, 0.1160, 0.0019, 0.0056, 0.0004, 0.0076,\n",
      "         0.0019, 0.8519],\n",
      "        [0.0006, 0.0030, 0.0008, 0.0179, 0.1177, 0.0021, 0.0072, 0.0006, 0.0101,\n",
      "         0.0019, 0.8382],\n",
      "        [0.0006, 0.0049, 0.0008, 0.0345, 0.1205, 0.0028, 0.0100, 0.0010, 0.0166,\n",
      "         0.0021, 0.8062],\n",
      "        [0.0008, 0.0136, 0.0014, 0.0931, 0.0906, 0.0048, 0.0239, 0.0027, 0.0312,\n",
      "         0.0032, 0.7346],\n",
      "        [0.0015, 0.0301, 0.0025, 0.1948, 0.0395, 0.0083, 0.0820, 0.0085, 0.0414,\n",
      "         0.0058, 0.5855],\n",
      "        [0.0024, 0.0346, 0.0038, 0.2120, 0.0237, 0.0130, 0.1844, 0.0184, 0.0436,\n",
      "         0.0083, 0.4559],\n",
      "        [0.0042, 0.0335, 0.0057, 0.1905, 0.0237, 0.0214, 0.2689, 0.0352, 0.0550,\n",
      "         0.0111, 0.3507]], device='cuda:0')\n",
      "blank prob: 0.723\n",
      "Epoch 11/50 | train loss: 1.7065 | val loss: 3.6793\n",
      "tensor([[0.0349, 0.0712, 0.0828, 0.0316, 0.0025, 0.0182, 0.1338, 0.0055, 0.0086,\n",
      "         0.1653, 0.4458],\n",
      "        [0.0447, 0.0266, 0.1069, 0.0302, 0.0015, 0.0199, 0.1311, 0.0042, 0.0048,\n",
      "         0.1387, 0.4913],\n",
      "        [0.0323, 0.0110, 0.0863, 0.0329, 0.0020, 0.0221, 0.1063, 0.0040, 0.0039,\n",
      "         0.0969, 0.6023],\n",
      "        [0.0159, 0.0051, 0.0434, 0.0324, 0.0045, 0.0224, 0.0731, 0.0036, 0.0038,\n",
      "         0.0520, 0.7439],\n",
      "        [0.0046, 0.0026, 0.0119, 0.0216, 0.0180, 0.0146, 0.0302, 0.0020, 0.0048,\n",
      "         0.0175, 0.8723],\n",
      "        [0.0018, 0.0020, 0.0040, 0.0146, 0.0469, 0.0077, 0.0136, 0.0011, 0.0065,\n",
      "         0.0072, 0.8945],\n",
      "        [0.0011, 0.0021, 0.0022, 0.0132, 0.0794, 0.0049, 0.0092, 0.0008, 0.0084,\n",
      "         0.0045, 0.8742],\n",
      "        [0.0011, 0.0024, 0.0021, 0.0199, 0.0921, 0.0047, 0.0111, 0.0010, 0.0109,\n",
      "         0.0048, 0.8499],\n",
      "        [0.0011, 0.0038, 0.0022, 0.0398, 0.1095, 0.0054, 0.0154, 0.0018, 0.0177,\n",
      "         0.0051, 0.7981],\n",
      "        [0.0017, 0.0101, 0.0032, 0.1208, 0.0954, 0.0087, 0.0327, 0.0050, 0.0368,\n",
      "         0.0072, 0.6782],\n",
      "        [0.0029, 0.0277, 0.0049, 0.2561, 0.0351, 0.0136, 0.1119, 0.0152, 0.0432,\n",
      "         0.0111, 0.4783],\n",
      "        [0.0040, 0.0343, 0.0062, 0.2347, 0.0190, 0.0183, 0.2362, 0.0266, 0.0394,\n",
      "         0.0129, 0.3683],\n",
      "        [0.0060, 0.0338, 0.0080, 0.1785, 0.0187, 0.0269, 0.3192, 0.0441, 0.0491,\n",
      "         0.0151, 0.3006]], device='cuda:0')\n",
      "blank prob: 0.646\n",
      "Epoch 12/50 | train loss: 1.6425 | val loss: 3.4544\n",
      "tensor([[0.0431, 0.0483, 0.0816, 0.0371, 0.0029, 0.0202, 0.1477, 0.0056, 0.0088,\n",
      "         0.1655, 0.4391],\n",
      "        [0.0554, 0.0173, 0.0921, 0.0341, 0.0022, 0.0223, 0.1235, 0.0041, 0.0050,\n",
      "         0.1215, 0.5225],\n",
      "        [0.0314, 0.0063, 0.0483, 0.0300, 0.0054, 0.0225, 0.0669, 0.0030, 0.0041,\n",
      "         0.0535, 0.7287],\n",
      "        [0.0080, 0.0028, 0.0118, 0.0176, 0.0224, 0.0135, 0.0225, 0.0014, 0.0047,\n",
      "         0.0149, 0.8802],\n",
      "        [0.0019, 0.0020, 0.0027, 0.0095, 0.0752, 0.0055, 0.0071, 0.0006, 0.0061,\n",
      "         0.0046, 0.8850],\n",
      "        [0.0010, 0.0018, 0.0013, 0.0089, 0.1191, 0.0033, 0.0049, 0.0004, 0.0073,\n",
      "         0.0028, 0.8492],\n",
      "        [0.0007, 0.0018, 0.0010, 0.0114, 0.1450, 0.0026, 0.0050, 0.0004, 0.0088,\n",
      "         0.0025, 0.8208],\n",
      "        [0.0009, 0.0021, 0.0013, 0.0248, 0.1305, 0.0037, 0.0087, 0.0008, 0.0127,\n",
      "         0.0037, 0.8108],\n",
      "        [0.0014, 0.0037, 0.0022, 0.0744, 0.1191, 0.0067, 0.0177, 0.0023, 0.0238,\n",
      "         0.0059, 0.7429],\n",
      "        [0.0019, 0.0101, 0.0030, 0.2221, 0.0910, 0.0104, 0.0379, 0.0061, 0.0454,\n",
      "         0.0076, 0.5645],\n",
      "        [0.0025, 0.0255, 0.0035, 0.3606, 0.0380, 0.0122, 0.0957, 0.0133, 0.0501,\n",
      "         0.0086, 0.3899],\n",
      "        [0.0036, 0.0355, 0.0047, 0.3159, 0.0211, 0.0161, 0.2085, 0.0238, 0.0460,\n",
      "         0.0100, 0.3148],\n",
      "        [0.0057, 0.0355, 0.0066, 0.2233, 0.0197, 0.0248, 0.3137, 0.0419, 0.0531,\n",
      "         0.0127, 0.2629]], device='cuda:0')\n",
      "blank prob: 0.632\n",
      "Epoch 13/50 | train loss: 1.5399 | val loss: 3.4658\n",
      "tensor([[0.0361, 0.0526, 0.0737, 0.0341, 0.0023, 0.0169, 0.1789, 0.0048, 0.0093,\n",
      "         0.1679, 0.4234],\n",
      "        [0.0508, 0.0187, 0.0771, 0.0296, 0.0018, 0.0187, 0.1551, 0.0033, 0.0051,\n",
      "         0.1108, 0.5290],\n",
      "        [0.0193, 0.0049, 0.0236, 0.0205, 0.0060, 0.0157, 0.0598, 0.0018, 0.0039,\n",
      "         0.0303, 0.8143],\n",
      "        [0.0028, 0.0018, 0.0032, 0.0087, 0.0281, 0.0064, 0.0118, 0.0006, 0.0044,\n",
      "         0.0054, 0.9269],\n",
      "        [0.0008, 0.0013, 0.0009, 0.0052, 0.0731, 0.0027, 0.0038, 0.0003, 0.0055,\n",
      "         0.0018, 0.9047],\n",
      "        [0.0005, 0.0013, 0.0005, 0.0049, 0.1097, 0.0017, 0.0026, 0.0002, 0.0063,\n",
      "         0.0012, 0.8712],\n",
      "        [0.0003, 0.0012, 0.0003, 0.0060, 0.1381, 0.0013, 0.0024, 0.0002, 0.0078,\n",
      "         0.0009, 0.8415],\n",
      "        [0.0003, 0.0013, 0.0003, 0.0113, 0.1386, 0.0014, 0.0031, 0.0002, 0.0117,\n",
      "         0.0010, 0.8308],\n",
      "        [0.0004, 0.0020, 0.0005, 0.0330, 0.1286, 0.0023, 0.0057, 0.0005, 0.0218,\n",
      "         0.0014, 0.8037],\n",
      "        [0.0006, 0.0060, 0.0009, 0.1297, 0.1044, 0.0041, 0.0145, 0.0016, 0.0448,\n",
      "         0.0025, 0.6908],\n",
      "        [0.0010, 0.0171, 0.0014, 0.3047, 0.0494, 0.0054, 0.0429, 0.0045, 0.0586,\n",
      "         0.0038, 0.5112],\n",
      "        [0.0017, 0.0261, 0.0020, 0.3416, 0.0248, 0.0081, 0.1289, 0.0117, 0.0575,\n",
      "         0.0058, 0.3919],\n",
      "        [0.0034, 0.0309, 0.0038, 0.2356, 0.0166, 0.0163, 0.3101, 0.0320, 0.0587,\n",
      "         0.0089, 0.2837]], device='cuda:0')\n",
      "blank prob: 0.679\n",
      "Epoch 14/50 | train loss: 1.4396 | val loss: 3.7195\n",
      "tensor([[0.0392, 0.0516, 0.0812, 0.0356, 0.0020, 0.0183, 0.1734, 0.0047, 0.0090,\n",
      "         0.2107, 0.3743],\n",
      "        [0.0730, 0.0211, 0.1052, 0.0316, 0.0016, 0.0209, 0.1394, 0.0030, 0.0050,\n",
      "         0.1443, 0.4549],\n",
      "        [0.0434, 0.0069, 0.0499, 0.0251, 0.0050, 0.0216, 0.0600, 0.0017, 0.0038,\n",
      "         0.0484, 0.7342],\n",
      "        [0.0060, 0.0022, 0.0062, 0.0110, 0.0231, 0.0097, 0.0120, 0.0006, 0.0038,\n",
      "         0.0084, 0.9171],\n",
      "        [0.0009, 0.0012, 0.0010, 0.0053, 0.0783, 0.0033, 0.0030, 0.0002, 0.0048,\n",
      "         0.0021, 0.8999],\n",
      "        [0.0004, 0.0011, 0.0004, 0.0043, 0.1369, 0.0016, 0.0017, 0.0001, 0.0058,\n",
      "         0.0010, 0.8467],\n",
      "        [0.0003, 0.0011, 0.0002, 0.0042, 0.1838, 0.0009, 0.0014, 0.0001, 0.0066,\n",
      "         0.0007, 0.8007],\n",
      "        [0.0003, 0.0011, 0.0002, 0.0051, 0.2047, 0.0008, 0.0013, 0.0001, 0.0080,\n",
      "         0.0005, 0.7778],\n",
      "        [0.0002, 0.0013, 0.0002, 0.0073, 0.2173, 0.0009, 0.0014, 0.0001, 0.0113,\n",
      "         0.0005, 0.7595],\n",
      "        [0.0003, 0.0022, 0.0002, 0.0123, 0.2412, 0.0011, 0.0016, 0.0002, 0.0191,\n",
      "         0.0005, 0.7214],\n",
      "        [0.0004, 0.0056, 0.0004, 0.0318, 0.2318, 0.0017, 0.0030, 0.0004, 0.0429,\n",
      "         0.0008, 0.6813],\n",
      "        [0.0008, 0.0150, 0.0009, 0.1089, 0.1579, 0.0038, 0.0102, 0.0016, 0.0913,\n",
      "         0.0021, 0.6075],\n",
      "        [0.0021, 0.0208, 0.0022, 0.2438, 0.0970, 0.0086, 0.0421, 0.0078, 0.1205,\n",
      "         0.0054, 0.4497]], device='cuda:0')\n",
      "blank prob: 0.694\n",
      "Epoch 15/50 | train loss: 1.3998 | val loss: 3.8578\n",
      "tensor([[0.0339, 0.0589, 0.0842, 0.0321, 0.0014, 0.0160, 0.1252, 0.0032, 0.0096,\n",
      "         0.1761, 0.4594],\n",
      "        [0.0650, 0.0167, 0.1170, 0.0335, 0.0008, 0.0194, 0.0979, 0.0020, 0.0042,\n",
      "         0.1106, 0.5330],\n",
      "        [0.0408, 0.0048, 0.0676, 0.0308, 0.0013, 0.0217, 0.0527, 0.0013, 0.0029,\n",
      "         0.0473, 0.7288],\n",
      "        [0.0103, 0.0016, 0.0144, 0.0184, 0.0039, 0.0156, 0.0202, 0.0007, 0.0027,\n",
      "         0.0129, 0.8993],\n",
      "        [0.0016, 0.0008, 0.0021, 0.0073, 0.0177, 0.0063, 0.0046, 0.0002, 0.0035,\n",
      "         0.0027, 0.9532],\n",
      "        [0.0006, 0.0006, 0.0008, 0.0051, 0.0410, 0.0034, 0.0023, 0.0002, 0.0048,\n",
      "         0.0014, 0.9398],\n",
      "        [0.0004, 0.0006, 0.0006, 0.0051, 0.0642, 0.0026, 0.0019, 0.0001, 0.0062,\n",
      "         0.0012, 0.9171],\n",
      "        [0.0004, 0.0007, 0.0008, 0.0101, 0.0626, 0.0032, 0.0031, 0.0002, 0.0087,\n",
      "         0.0017, 0.9085],\n",
      "        [0.0006, 0.0010, 0.0011, 0.0293, 0.0672, 0.0048, 0.0058, 0.0006, 0.0162,\n",
      "         0.0026, 0.8708],\n",
      "        [0.0009, 0.0029, 0.0016, 0.1049, 0.0791, 0.0074, 0.0108, 0.0017, 0.0393,\n",
      "         0.0037, 0.7479],\n",
      "        [0.0013, 0.0094, 0.0019, 0.2495, 0.0570, 0.0091, 0.0226, 0.0045, 0.0643,\n",
      "         0.0047, 0.5756],\n",
      "        [0.0023, 0.0166, 0.0024, 0.3163, 0.0350, 0.0124, 0.0642, 0.0112, 0.0658,\n",
      "         0.0068, 0.4670],\n",
      "        [0.0047, 0.0218, 0.0042, 0.2510, 0.0312, 0.0223, 0.1659, 0.0311, 0.0742,\n",
      "         0.0107, 0.3830]], device='cuda:0')\n",
      "blank prob: 0.722\n",
      "Epoch 16/50 | train loss: 1.2975 | val loss: 3.8087\n",
      "tensor([[0.0381, 0.0418, 0.0826, 0.0334, 0.0013, 0.0181, 0.1702, 0.0037, 0.0099,\n",
      "         0.2290, 0.3720],\n",
      "        [0.0753, 0.0127, 0.1055, 0.0352, 0.0007, 0.0224, 0.1350, 0.0022, 0.0046,\n",
      "         0.1456, 0.4607],\n",
      "        [0.0485, 0.0038, 0.0537, 0.0324, 0.0015, 0.0258, 0.0670, 0.0014, 0.0030,\n",
      "         0.0541, 0.7088],\n",
      "        [0.0112, 0.0013, 0.0102, 0.0183, 0.0051, 0.0179, 0.0221, 0.0006, 0.0028,\n",
      "         0.0126, 0.8979],\n",
      "        [0.0016, 0.0007, 0.0015, 0.0071, 0.0251, 0.0064, 0.0044, 0.0002, 0.0036,\n",
      "         0.0025, 0.9469],\n",
